0
2
2
8
8
8
11
13
14
15
18
19
20
20
20
20
24
25
28
29
30
31
32
39
41
42
43
45
45
48
53
54
55
56
60
61
61
62
66
68
69
75
81
84
90
91
91
95
99
101
101
102
105
105
105
108
108
111
112
112
115
117
119
120
123
126
128
129
129
133
137
138
140
145
150
151
152
154
156
158
161
161
162
163
164
170
171
171
173
174
183
184
190
190
193
195
196
196
197
202
205
205
210
210
211
211
213
214
218
221
225
225
226
226
227
228
230
234
237
238
241
244
244
245
245
246
246
247
247
249
249
252
254
254
255
257
258
259
262
263
265
270
274
275
276
278
280
281
282
283
284
284
286
287
287
289
289
291
292
293
293
295
305
309
311
314
318
319
320
326
326
330
331
331
333
339
345
347
348
351
352
354
355
355
356
356
361
362
363
365
367
376
380
380
380
383
383
384
387
388
391
391
392
392
393
394
394
396
397
398
399
400
401
401
401
401
403
407
410
411
412
417
420
422
424
425
427
428
429
433
435
436
436
438
442
443
444
446
447
451
451
452
459
464
465
467
469
478
482
486
487
487
490
492
499
500
500
501
504
504
506
507
507
509
514
514
514
515
517
518
520
523
524
524
524
525
532
532
534
535
536
536
536
538
543
543
545
547
550
554
554
558
559
563
564
564
564
566
569
569
569
573
575
576
577
577
581
582
582
583
585
585
588
595
595
601
602
605
608
608
609
610
612
613
614
617
619
621
626
627
628
628
629
631
631
631
633
634
636
636
641
643
643
644
644
645
650
653
656
663
663
668
668
671
685
685
690
690
692
696
696
696
698
698
699
704
705
706
708
713
716
717
725
725
734
735
737
740
749
755
756
757
759
761
761
765
765
766
767
768
769
790
790
792
796
796
796
797
800
801
801
803
805
807
808
809
814
815
818
824
824
825
828
833
833
835
836
837
837
838
841
843
844
845
847
848
849
852
852
853
854
854
866
866
871
873
875
883
883
886
889
892
892
893
893
897
901
909
913
914
914
915
921
922
923
926
927
927
928
930
932
932
934
935
938
939
941
944
946
946
947
948
948
950
951
951
953
953
955
956
966
966
967
968
968
974
974
976
978
979
980
984
990
992
996
999
999
1000
1000
1001
1001
1003
1004
1007
1008
1013
1013
1015
1018
1024
1025
1030
1034
1036
1037
1038
1039
1040
1043
1045
1046
1047
1049
1052
1053
1055
1064
1065
1065
1071
1073
1077
1080
1081
1081
1085
1087
1088
1090
1095
1095
1096
1097
1097
1101
1101
1102
1103
1104
1105
1106
1107
1113
1114
1116
1118
1120
1124
1125
1125
1129
1130
1130
1131
1131
1140
1141
1141
1142
1145
1147
1153
1156
1157
1159
1167
1169
1172
1174
1180
1188
1191
1193
1193
1197
1197
1200
1202
1206
1208
1209
1209
1210
1212
1213
1213
1214
1216
1217
1217
1220
1222
1222
1225
1226
1228
1228
1228
1229
1230
1231
1232
1233
1233
1233
1235
1235
1240
1244
1244
1245
1245
1246
1246
1249
1249
1253
1253
1253
1259
1264
1265
1267
1268
1271
1274
1275
1279
1283
1284
1290
1293
1293
1293
1294
1297
1298
1300
1300
1301
1303
1307
1308
1315
1316
1316
1322
1324
1324
1326
1327
1328
1328
1330
1331
1333
1336
1338
1339
1342
1342
1343
1343
1343
1344
1344
1346
1347
1349
1349
1351
1355
1356
1357
1358
1363
1369
1371
1375
1376
1379
1380
1382
1383
1385
1385
1389
1391
1392
1394
1394
1394
1394
1394
1398
1403
1403
1404
1404
1408
1411
1415
1415
1416
1417
1420
1420
1423
1423
1427
1428
1429
1430
1431
1433
1434
1436
1439
1440
1442
1443
1448
1450
1451
1452
1455
1457
1458
1460
1462
1464
1464
1466
1468
1469
1478
1479
1480
1483
1483
1491
1492
1493
1493
1495
1500
1503
1503
1503
1515
1516
1516
1517
1517
1517
1520
1528
1530
1533
1534
1534
1536
1537
1538
1545
1546
1546
1547
1549
1551
1553
1555
1558
1564
1567
1568
1568
1572
1573
1574
1575
1577
1577
1577
1578
1580
1580
1581
1583
1586
1586
1586
1592
1594
1596
1597
1597
1598
1598
1602
1604
1605
1605
1606
1606
1606
1610
1611
1612
1613
1617
1617
1618
1619
1619
1620
1623
1624
1626
1629
1630
1633
1633
1636
1637
1638
1639
1644
1646
1648
1650
1650
1654
1660
1661
1662
1662
1662
1663
1665
1668
1670
1672
1674
1676
1681
1682
1683
1684
1685
1686
1687
1689
1690
1694
1696
1699
1701
1703
1705
1714
1716
1717
1719
1724
1725
1728
1732
1732
1732
1735
1736
1736
1739
1747
1747
1748
1751
1753
1753
1760
1761
1761
1762
1762
1764
1769
1775
1776
1778
1782
1784
1788
1791
1791
1792
1794
1796
1797
1800
1801
1801
1802
1806
1814
1816
1820
1822
1823
1828
1829
1829
1829
1831
1832
1833
1835
1836
1842
1845
1862
1863
1863
1869
1871
1877
1881
1882
1886
1886
1889
1894
1896
1898
1899
1901
1906
1908
1909
1909
1910
1910
1911
1914
1918
1923
1923
1923
1928
1930
1936
1936
1938
1941
1945
1947
1948
1949
1950
1956
1956
1957
1958
1959
1960
1960
1961
1966
1967
1968
1971
1972
1974
1974
1975
1976
1977
1977
1978
1980
1981
1982
1988
1989
1991
1992
1993
1994
1998
