1
8
10
14
14
30
49
51
53
60
60
68
76
85
88
102
102
108
117
118
121
121
122
129
134
140
141
144
146
147
162
165
165
168
169
172
181
182
184
187
189
189
192
194
199
200
204
214
214
214
218
220
229
232
237
249
256
257
262
264
269
272
281
282
289
298
304
305
319
322
322
324
329
330
332
332
335
336
342
344
355
356
359
363
363
368
369
372
372
373
382
395
401
406
408
408
417
417
430
432
434
436
437
439
446
454
455
465
467
475
480
483
487
489
494
496
498
502
503
504
509
512
516
523
524
528
530
540
549
556
560
573
573
576
579
580
582
587
598
601
601
605
607
609
623
626
627
634
644
654
655
660
661
666
677
677
677
677
680
680
684
692
696
698
700
701
702
715
716
717
723
726
732
737
738
754
756
759
759
760
767
770
772
772
779
782
794
800
809
813
817
819
820
825
830
834
838
838
840
857
861
862
871
872
876
880
886
893
896
897
902
902
905
907
909
912
917
917
931
939
946
950
955
958
959
960
960
961
967
969
972
982
990
993
994
1021
1022
1027
1027
1028
1033
1039
1040
1041
1044
1054
1057
1057
1059
1060
1060
1061
1068
1071
1072
1075
1078
1081
1082
1084
1090
1091
1101
1101
1103
1109
1111
1114
1119
1120
1129
1131
1132
1132
1137
1141
1148
1154
1161
1163
1184
1184
1192
1193
1196
1197
1211
1213
1217
1217
1221
1227
1227
1229
1229
1232
1236
1240
1240
1247
1251
1252
1258
1260
1261
1262
1264
1265
1267
1268
1274
1286
1291
1292
1294
1294
1298
1302
1305
1310
1314
1318
1335
1338
1341
1341
1341
1342
1345
1347
1351
1355
1357
1359
1363
1363
1370
1370
1372
1377
1383
1384
1388
1396
1401
1403
1403
1407
1407
1412
1424
1424
1434
1438
1442
1446
1452
1453
1456
1457
1462
1462
1463
1465
1468
1470
1488
1494
1499
1502
1505
1506
1509
1511
1512
1515
1524
1524
1531
1531
1533
1536
1549
1550
1550
1551
1558
1560
1569
1569
1571
1577
1577
1579
1584
1587
1588
1593
1598
1599
1600
1601
1603
1605
1606
1611
1623
1623
1637
1639
1651
1651
1652
1660
1674
1675
1676
1678
1681
1690
1693
1695
1702
1703
1715
1719
1721
1725
1726
1727
1727
1735
1735
1740
1741
1741
1761
1764
1770
1771
1776
1780
1780
1781
1786
1787
1788
1796
1800
1808
1813
1815
1819
1820
1823
1824
1828
1828
1833
1838
1839
1847
1847
1847
1848
1850
1854
1860
1864
1868
1868
1885
1887
1902
1902
1910
1910
1917
1919
1928
1933
1934
1939
1940
1941
1942
1945
1954
1958
1962
1972
1979
1983
1985
1989
1989
1990
1992
1992
1997
47
70
93
143
186
215
220
267
304
328
328
345
401
437
448
460
470
497
514
519
549
568
660
685
729
762
781
831
894
913
951
951
955
970
982
991
1028
1048
1113
1135
1179
1225
1238
1240
1286
1341
1386
1415
1425
1470
1491
1548
1605
1632
1633
1638
1683
1707
1801
1885
1921
1931
1989
26
36
186
208
306
315
328
403
545
572
592
613
673
881
918
961
973
998
1127
1135
1135
1403
1404
1415
1473
1493
1562
1713
1714
1719
1846
1888
1942
207
211
224
319
366
388
432
435
445
680
685
783
906
944
1025
1076
1126
1259
1326
1355
1409
1545
1602
1750
1811
1819
1906
1919
1929
1688
247
222
594
203
1271
1394
374
1811
1436
297
881
493
1262
1560
1133
1027
1169
803
1912
661
1588
1457
1949
1897
1840
1093
1905
352
971
960
1312
1136
1317
248
799
1847
787
491
1630
1945
598
1476
867
983
1509
49
1346
0
1473
1275
1021
1234
1081
1573
221
1216
152
1621
1909
1329
1409
1137
1111
1931
1292
1921
1337
1279
1660
1986
67
635
1375
11
116
215
1584
1925
1072
883
887
1941
894
1911
529
1070
229
1516
1228
807
1037
368
362
454
728
839
811
1399
1136
352
987
523
419
1864
1299
1909
1218
266
1650
999
291
275
1405
460
1210
1240
1735
142
700
1240
228
724
747
810
1236
1909
646
1687
541
1370
1886
90
1614
12
1936
1206
1007
616
796
1804
218
398
547
1187
741
1635
991
1063
1981
140
1
332
176
1063
1185
1274
572
1270
90
1180
685
1396
1335
63
1714
534
751
775
1886
498
937
590
1848
603
1431
1100
94
1
158
147
1852
728
747
1430
1855
853
858
415
1
1363
1767
1218
1005
763
1084
263
867
1750
738
654
209
801
1110
479
1356
1980
1572
531
419
926
1574
305
1569
1541
910
1552
195
680
805
167
701
854
1097
1705
1340
1819
895
1483
643
811
875
843
1787
130
595
926
519
1816
119
101
1191
205
1595
1027
1820
346
1437
287
1168
1410
1276
1502
350
1530
1954
1867
619
1828
1482
193
1678
762
1102
1693
1102
1418
1401
985
1282
1846
729
97
1676
154
1117
607
1084
1697
356
485
1181
1407
899
682
583
87
902
66
386
1310
1811
1916
1257
1456
688
849
958
1392
1697
1809
1458
293
53
534
695
210
1128
1768
1471
95
1388
1443
967
256
361
4
945
407
1926
114
808
888
902
1106
1391
958
1087
686
617
549
1730
1656
938
399
724
1723
896
20
754
1789
1042
1647
1063
601
1979
984
575
1061
1348
347
1675
88
1201
637
125
1526
1402
1454
1303
251
446
1625
250
1390
394
1454
842
1335
1516
1044
1809
1135
646
